 25000000	1.114	9.622	1.036	9.371
 50000000	2.244	19.865	2.052	18.728
100000000	4.41	40.76	4.079	36.957 
150000000	6.577	63.513	6.135	56.295
200000000	8.543	81.463	8.145	74.409
250000000	10.98	97.276	10.11	92.117
300000000	13.262	119.316	12.155	110.529
350000000	15.259	138.951	14.228	130.410
400000000	18.659	154.187	16.231	148.977
450000000	25.958	173.837	18.507	167.833
500000000	35.368	192.128	20.320	183.997	
550000000	46.132	214.444	22.269	203.283
600000000	58.952	237.218	24.282	223.365
650000000	71.371	254.395	26.192	245.234
700000000	94.768	284.331	28.352	268.341
800000000	126.037	327.437	33.123	291.220
1000000000	165.546	415.649 40.596 	369.096
